12 20 12 6 6
 0  0  0  0  0  0  0  0  0  0  0  0
 0  0  0  0  0  0  0  0  0  0  0  0
 0  0  0  0  0  0  0  0  0  0  0  0
 0  0  0  0  0  0  0  0  0  0  0  0
 0  0  0  0  0  0  0  0  0  0  0  0
10 10 10 10 10 10 10 10 10 10 10 10

 0  0  0  0  0  0  0  0  0  0  0  0
 0  0  0  0  0  0  0  0  0  0  0  0
 0  0  0  0  0  0  0  0  0  0  0  0
 0  0  0  0  0  0  0  0 37  0  0  0
 0  0  0  0  0  0  0  0 37 37 10 10
17 17 17 17 17 17 37 37 37 37 10 10

37 37 37 37 37 37 37 17 17 10 10 10
17 43 43 43 43 37 37 17 17 10 10 10
17 43 43 43 43 37 37 17 17 10 10 10
37 37 37 37 37 37 37 21  0 10 10 10
17 43 43 17 17 43 43 17  0  0  0  6
17 43 43 17 17 43 43 17  0  0 19 25

 0  5  0 16  0  0 25  0  0 42 11 42
 0  0  0  0  0  0  0  0 18  0  0  0
24 37 37 37 37 21  0  4  0  0 25  0
 0  0 15  0 34  0  0  0  0  0  0  7
 0  0  0  2  0  0  0  0  0  0  0  0
14  0  0  0  3  0  0  0  0  0  0  0

 0  0  0  0  0  0  0  0  0 42  0 42
 0  0  0  0  0  0  0  0  0  0  0  0
 0 13  0  0  0  0  0  0  0  0  0  0
 0  0  0  0  0  0  0  0  0  0  0  0
 0  0  0  0  0  0  0  0  0  0  0  0
 0  0  0  0  0  0  0  0  0  0  0  0

 0  0  0  0  0  0  0  0  0 42  0 42
 0  0  0  0  0  0  0  0  0  0  0  0
 0  0  0  0  0  0  0  0  0  0  0  0
 0  0  0  0  0  0  0  0  0  0  0  0
 0  0  0  0  0  0  0  0  0  0  0  0
 0  0  0  0  0  0  0  0  0  0  0  0
